7.307777777777778
8.418888888888889
6.0488888888888885
5.935925925925926
6.746296296296296
6.132592592592593
8.29111111111111
6.206666666666667
7.91037037037037
5.948518518518519
6.139259259259259
6.3170370370370375
6.868148148148149
6.226296296296296
6.366666666666666
6.044074074074074
8.084814814814814
6.082592592592593
6.611481481481482
5.033333333333333
4.989629629629629
4.185555555555555
4.882962962962963
5.677777777777778
5.1103703703703705
4.519259259259259
4.3933333333333335
4.927407407407407
4.434074074074074
4.746666666666667
5.4911111111111115
4.9725925925925925
4.034074074074074
4.794074074074074
4.7225925925925925
4.858148148148148
3.9674074074074075
4.642222222222222
4.5707407407407405
4.047777777777778
5.145925925925926
4.412592592592593
3.982222222222222
4.310370370370371
5.043703703703704
3.5544444444444445
3.8385185185185184
3.688888888888889
3.9185185185185185
4.180370370370371
5.004814814814814
4.018148148148148
3.6866666666666665
3.6625925925925924
3.961851851851852
4.4440740740740745
3.981851851851852
3.864074074074074
4.022592592592592
3.255925925925926
3.637037037037037
4.225185185185185
3.587037037037037
4.3059259259259255
3.561111111111111
3.514074074074074
3.555925925925926
3.042962962962963
3.5614814814814815
4.471481481481481
3.315185185185185
3.3722222222222222
4.539259259259259
4.294814814814814
4.3459259259259255
3.782962962962963
4.235555555555556
4.20037037037037
4.0596296296296295
3.2437037037037038
3.4207407407407406
3.342962962962963
3.1662962962962964
3.316666666666667
2.897407407407407
3.1277777777777778
3.3
3.1777777777777776
2.8448148148148147
3.2137037037037035
3.3014814814814817
2.5637037037037036
2.8762962962962964
2.944074074074074
2.7151851851851854
2.734074074074074
2.591111111111111
2.564074074074074
3.1592592592592594
2.928888888888889
