-21.594559549740424
-20.686641409594134
-19.51839702998426
-19.466939051608666
-20.5445587091834
-20.296914424616414
-21.690929165813476
-19.63636555227017
-21.05369860629281
-18.896571276698346
-19.741613958869483
-20.176479160979913
-20.82447964417502
-20.452865033977826
-20.04627209055343
-19.66474304502682
-21.228680615557494
-20.304783375742698
-21.35859948892858
-19.1287086257008
-19.26847272410754
-18.82809017563421
-114.51744093358421
-19.101512211213347
-19.174476324437077
-18.443454788578116
-19.11956497566516
-18.718665272929137
-18.6376217313504
-18.689145873154544
-19.399181241895718
-19.130995188706148
-41.98576673964986
-19.15714394251122
-18.925216717919056
-17.912345596104554
-18.611206874761827
-18.947288247851024
-18.512534116629723
-17.590525559986478
-18.817417642844493
-18.571628278037267
-18.89500294195586
-18.679606664570855
-18.643094754803947
-17.87835698873978
-18.052167203566096
-18.82699616185594
-18.49065388669674
-18.657164878272805
-18.878731779613677
-18.218939799212265
-18.46267247191031
-18.335746832401046
-18.33067051789183
-19.09581959628411
-18.68630218712088
-18.331091021634382
-18.741554590567727
-18.11912993047659
-17.511950352014832
-18.75260572709978
-18.5202423208032
-19.440906852351855
-18.19735184874331
-18.317662714303193
-18.430177649812148
-18.145006870183035
-18.541233036362954
-18.66205427588916
-18.248808805560117
-18.47360332807512
-19.320163822338603
-19.422983905786133
-19.7525486607678
-18.937497115448828
-625.5606204072011
-18.88246211559302
-18.634637767025655
-18.371772151571754
-17.561222473333302
-18.171791053298776
-17.677930760976917
-18.174327408218268
-17.629374956855255
-16.77155414718907
-18.21332219477183
-18.243116826063222
-17.848032250979568
-18.616011046515304
-18.157109804472405
-17.737536009038667
-17.992495482246984
-16.938391609600895
-17.28618452040707
-17.591016366798762
-17.51992185754666
-17.43632712231191
-17.595866825516428
-18.300132224953135
