19731
22731
16332
16027
18215
16558
22386
16758
21358
16061
16576
17056
18544
16811
17190
16319
21829
16423
17851
13590
13472
11301
13184
15330
13798
12202
11862
13304
11972
12816
14826
13426
10892
12944
12751
13117
10712
12534
12341
10929
13894
11914
10752
11638
13618
9597
10364
9960
10580
11287
13513
10849
9954
9889
10697
11999
10751
10433
10861
8791
9820
11408
9685
11626
9615
9488
9601
8216
9616
12073
8951
9105
12256
11596
11734
10214
11436
11341
10961
8758
9236
9026
8549
8955
7823
8445
8910
8580
7681
8677
8914
6922
7766
7949
7331
7382
6996
6923
8530
7908
