-83.73729755279543
-79.56808739370486
-82.71106132995958
-80.11519666283519
-78.0488834707173
-86.07204553234115
-85.9472519542966
-87.42792923591317
-79.44159685037661
-79.67557113093434
-76.81629435798264
-77.99063967054931
-78.7713433500571
-78.50091988856155
-241.14405917490146
-76.51432141394692
-76.2415294700043
-95.70594971970198
-79.40543982642538
-77.73883207905777
-136.14967713150122
-75.32994525193516
-143.3804861862004
-78.87606768248088
-78.49974837717278
-79.23151073328837
-79.93089348146258
-76.0239962957241
-79.52356105420775
-74.72790890068526
-79.25576315756354
-77.99734153729898
-164.60492425709643
-76.47833119241905
-72.6228264016507
-72.85641784900827
-82.89212685684265
-75.5186026810021
-73.90418755795125
-74.0597305332098
-74.4886261068206
-75.74088911435723
-76.6799450625341
-75.73349642345714
-73.81896616245163
-74.00265087271356
-122.44208451111676
-76.81710171502193
-77.34009261190248
-73.77183324738685
-75.7612207390611
-73.75950781465333
-73.1545137485063
-73.14165581524833
-71.73137719737578
-73.26452490802775
-74.33235137022035
-77.93746173273487
-75.32609695926064
-73.29786003675079
-77.32221457986138
-75.70665269179965
-472.46392637359315
-75.23967374084377
-72.10613449490027
-73.31277637964513
-73.53203775320107
-74.94539831782483
-72.61517464413447
-73.12065339787266
-74.97710044092965
-75.65046871118112
-72.61226880953943
-75.04638598701217
-74.48372431087341
-290.6451169608972
-74.1776049752271
-71.41249077614356
-75.33376841082072
-75.41199047053423
-71.01925438973308
-73.69520546141527
-74.01648463073441
-73.65367651144624
-72.05781984160217
-70.61090473517682
-71.82645335566087
-71.4707849077853
-73.26081220890231
-73.96353590259868
-70.68743967517916
-70.61036865913442
-72.50494208937205
-68.96348086316931
-553.379710695777
-71.79256630582653
-72.80203982342965
-71.32744224230844
-71.84081950208478
-295.9310612516312
