7.4148148148148145
6.436296296296296
7.334444444444444
6.058148148148148
5.524444444444445
8.193703703703704
8.614814814814816
9.363703703703704
6.256666666666667
6.267407407407408
5.787407407407407
5.66074074074074
5.9688888888888885
4.924814814814815
7.111851851851852
5.598518518518518
4.618888888888889
6.402222222222222
6.04
5.66
6.020740740740741
4.698888888888889
4.452592592592593
6.114814814814815
5.8
5.332222222222223
5.705185185185186
4.977777777777778
5.4222222222222225
5.076666666666667
5.927037037037037
5.567777777777778
4.13
4.499259259259259
4.066296296296296
4.938518518518518
6.972222222222222
4.689259259259259
4.984074074074074
5.093703703703704
4.491851851851852
4.70925925925926
4.468148148148148
4.265555555555555
4.158518518518519
3.962962962962963
4.402222222222222
4.782592592592593
4.8677777777777775
3.712962962962963
4.404814814814815
3.637037037037037
3.595925925925926
4.075555555555556
3.8144444444444443
3.513333333333333
3.8514814814814815
4.377777777777778
3.9325925925925924
3.7533333333333334
5.708148148148148
4.134814814814815
3.7937037037037036
4.253333333333333
3.525925925925926
3.782962962962963
3.4992592592592593
3.6866666666666665
3.1277777777777778
3.6574074074074074
3.8451851851851853
4.721481481481481
3.698148148148148
3.6414814814814815
3.5392592592592593
3.602962962962963
3.821851851851852
3.382962962962963
3.864074074074074
4.114444444444445
3.8355555555555556
3.533703703703704
3.6822222222222223
4.078888888888889
3.2885185185185186
3.7425925925925925
3.22
2.884074074074074
3.188888888888889
3.274814814814815
3.078888888888889
3.0051851851851854
3.311851851851852
3.321851851851852
3.3585185185185185
3.0862962962962963
3.31
3.104074074074074
4.495925925925926
3.2314814814814814
