20020
17378
19803
16357
14916
22123
23260
25282
16893
16922
15626
15284
16116
13297
19202
15116
12471
17286
16308
15282
16256
12687
12022
16510
15660
14397
15404
13440
14640
13707
16003
15033
11151
12148
10979
13334
18825
12661
13457
13753
12128
12715
12064
11517
11228
10700
11886
12913
13143
10025
11893
9820
9709
11004
10299
9486
10399
11820
10618
10134
15412
11164
10243
11484
9520
10214
9448
9954
8445
9875
10382
12748
9985
9832
9556
9728
10319
9134
10433
11109
10356
9541
9942
11013
8879
10105
8694
7787
8610
8842
8313
8114
8942
8969
9068
8333
8937
8381
12139
8725
