5.503333333333333
7.141851851851852
5.524074074074074
5.38
6.088518518518518
6.427407407407407
6.287407407407407
6.617407407407407
6.82962962962963
7.4944444444444445
6.89
5.401481481481482
6.742962962962963
6.972962962962963
5.95962962962963
6.5707407407407405
6.62074074074074
5.911111111111111
7.504444444444444
5.161851851851852
5.808518518518518
6.38
5.119259259259259
5.591851851851852
6.054444444444444
5.244074074074074
5.702222222222222
5.6685185185185185
5.855925925925926
5.3025925925925925
5.587407407407407
3.7237037037037037
5.0414814814814815
4.492592592592593
4.547407407407407
5.03962962962963
5.054074074074074
4.828888888888889
5.091111111111111
4.104814814814815
5.102962962962963
4.868888888888889
4.954444444444444
5.119259259259259
4.6
5.214444444444444
6.484814814814815
4.615925925925926
4.7877777777777775
4.23
3.3896296296296295
4.207037037037037
3.638148148148148
4.6940740740740745
3.792222222222222
4.057777777777778
3.3962962962962964
4.968518518518518
4.412222222222222
3.755925925925926
4.406296296296296
3.4318518518518517
4.2374074074074075
4.804444444444444
3.16
3.231851851851852
4.111851851851852
2.9744444444444444
3.0033333333333334
3.4007407407407406
3.567037037037037
3.484814814814815
3.5507407407407405
3.0174074074074073
2.852222222222222
2.581111111111111
3.1366666666666667
3.275925925925926
2.6503703703703705
2.5796296296296295
3.160740740740741
2.8855555555555554
2.842962962962963
2.910740740740741
3.1592592592592594
3.037037037037037
2.9314814814814816
2.8933333333333335
2.7614814814814816
2.5896296296296297
2.914814814814815
2.5503703703703704
3.147777777777778
2.491111111111111
2.7774074074074075
2.763333333333333
3.0862962962962963
2.9833333333333334
3.073703703703704
2.7503703703703706
