-19.917544489883095
-20.65243870578478
-19.779617927616396
-19.09919087094281
-57.14197452580782
-20.348082218073856
-20.242598781091388
-20.13512199443565
-20.89209729360672
-20.471896126094073
-20.0227122227837
-19.424679007257797
-20.075899880577616
-20.5116149570319
-20.791037200897023
-19.93771475179879
-176.70490154728898
-19.66943488317543
-20.95289913951118
-19.254380803720686
-79.97528647100047
-19.565075673987423
-103.22525305046383
-19.33078784733051
-20.088923088347755
-19.457210055777452
-19.982604255073227
-19.650404123584096
-19.890970723589877
-19.38623380758702
-19.51391754186466
-17.781711156082626
-19.31644233196015
-19.10089112605757
-19.29099170036726
-17.96375363470489
-19.585059945891192
-144.3755945171906
-19.121969850842383
-17.470831260948383
-19.192082275231186
-18.76223248545565
-19.417859181514945
-19.3770574366689
-19.006249294222453
-19.569367140691643
-61.322309510803194
-18.770367953459903
-19.07799903219218
-18.87218336105723
-17.867234420972455
-18.658581607067983
-18.604000750557326
-18.895651757410096
-18.06437701543594
-18.399639635143973
-17.839495686166895
-18.80785901520232
-19.058249386002185
-18.23572461235228
-17.247651966802753
-18.22490969422934
-18.777051807664275
-19.473562453788645
-17.475177804563845
-17.64902481039455
-18.52407218147992
-17.81501890185399
-17.625095195347104
-18.163771976680152
-18.072004247528913
-18.158789477336537
-17.74363074625838
-17.525242364236362
-17.92698935993483
-17.245049955720567
-17.78059467874245
-17.91511004515468
-20.13707582212431
-17.428155951947126
-17.428579530480214
-408.29425132437046
-17.891223200134053
-218.10034720964626
-17.953142765002077
-17.33070206230587
-18.020560521869488
-17.872194488887416
-18.009936591751565
-17.773972854640792
-17.672032476657662
-17.490564762519288
-18.36505654312237
-16.52200352586698
-17.371717026305987
-17.388286619326543
-18.307711322994955
-683.3159739787271
-923.9272811489153
-17.940250282960886
