14859
19283
14915
14526
16439
17354
16976
17867
18440
20235
18603
14584
18206
18827
16091
17741
17876
15960
20262
13937
15683
17226
13822
15098
16347
14159
15396
15305
15811
14317
15086
10054
13612
12130
12278
13607
13646
13038
13746
11083
13778
13146
13377
13822
12420
14079
17509
12463
12927
11421
9152
11359
9823
12674
10239
10956
9170
13415
11913
10141
11897
9266
11441
12972
8532
8726
11102
8031
8109
9182
9631
9409
9587
8147
7701
6969
8469
8845
7156
6965
8534
7791
7676
7859
8530
8200
7915
7812
7456
6992
7870
6886
8499
6726
7499
7461
8333
8055
8299
7426
